5.573149167997378806e-01
2.283596536438203262e-01
2.025462002666841566e-01
4.355581997360946644e-01
1.753341016901377725e-01
4.988238267578746221e-01
4.425841691177394011e-01
2.212113837119046300e-01
4.501468820493935707e-01
5.802376816526636505e-01
2.031480188065360737e-01
2.195075304401271354e-01
3.267333216651404637e-01
3.825888171735455368e-01
2.299825628272453293e-01
4.339412617822617224e-01
2.342108256200953476e-01
4.483900161377787907e-01
4.157670891548448933e-01
2.163787184255949458e-01
1.846160994047309489e-01
1.904276479147836154e-01
2.014089781277535185e-01
2.453875964196759463e-01
2.156041794104888998e-01
5.315629439923215127e-01
1.945158300443180222e-01
1.638911322385564751e-01
2.890717002319486695e-01
1.819319483718263575e-01
1.938006839155816396e-01
2.302630028930824635e-01
4.698589339096765349e-01
5.525592442007064564e-01
4.970720923291884752e-01
3.759627187325278452e-01
5.236562832029145742e-01
5.993882360210984750e-01
5.652452348121939085e-01
1.949118201644161052e-01
5.152731757514663613e-01
2.040588070442981850e-01
5.192172370477218246e-01
2.343307953850372327e-01
1.562870322439745829e-01
4.542727908797752345e-01
4.062271394834928162e-01
3.764357610159493883e-01
4.395969670217788061e-01
2.496291889023040667e-01
2.091572230919523379e-01
5.010442421217297104e-01
4.409309747937175672e-01
2.047921485159759081e-01
4.955997798908337026e-01
1.822794882078858647e-01
5.056801625720155346e-01
3.341696079162793653e-01
5.069759471801629225e-01
2.805090070851177231e-01
1.924216350904313644e-01
4.272374412694595613e-01
4.978940515126072941e-01
3.330673425338797067e-01
2.351200506650576172e-01
4.759572948117833380e-01
2.772636628240579548e-01
2.386754115208900850e-01
1.873370203805845846e-01
2.457955377791392615e-01
1.877770232343053680e-01
4.933756882776825781e-01
2.177307252299832130e-01
2.002780920544669774e-01
4.338462692090682693e-01
2.106294711715562262e-01
5.921685508066850678e-01
2.350611779107254218e-01
2.241954659551800844e-01
4.661502194087761008e-01
3.100626285320733921e-01
4.571225435243146951e-01
5.213168412702161580e-01
4.381800673717884953e-01
4.097351663645405484e-01
2.710987782463094575e-01
