5.982380657226966658e-01
2.128790116293138579e-01
1.915795776734010025e-01
3.919836649342663959e-01
1.555817386682040726e-01
5.047831920273782025e-01
2.195912813958376120e-01
2.343483868453820063e-01
3.609139788094234969e-01
6.282057933864170218e-01
2.226340055653896199e-01
2.161210035652668116e-01
1.713630905026830575e-01
2.707463815874867064e-01
2.462693404537200925e-01
4.840737432190488909e-01
2.691540849778135125e-01
4.431709557167626823e-01
4.988741227188519534e-01
2.016814203257592253e-01
2.006633906700560632e-01
1.405169972180689286e-01
2.123084667049896512e-01
2.707705288628641238e-01
1.851689956629870015e-01
5.637579694118571849e-01
1.900100846591374903e-01
1.518721334986997407e-01
2.772485946637430754e-01
1.771716308470029089e-01
2.059231728927314597e-01
2.170361632993185463e-01
4.129328728604407805e-01
5.896468397747943735e-01
4.846838623308092897e-01
4.123431106633695942e-01
5.877016369073371216e-01
5.900879957993644398e-01
5.451126153781568062e-01
2.128701431324051541e-01
5.610421369642325518e-01
1.743155649309023891e-01
5.407516957518877510e-01
2.365210813297133341e-01
1.703218890007183739e-01
4.164804549063211292e-01
4.134343830149639354e-01
2.937581176812008588e-01
3.991404524449334024e-01
2.098990440516864120e-01
2.506572398891054876e-01
5.703039399525118291e-01
3.377520569084893065e-01
2.363505346072092006e-01
5.637812595500952817e-01
1.698174517432998187e-01
5.710945480185627421e-01
2.984629159587227631e-01
4.425103416635788878e-01
1.654879412064667876e-01
1.982390802378540817e-01
4.251797088802431457e-01
5.159470266647622205e-01
3.052660195839760893e-01
2.168999700127770547e-01
5.077330763334495511e-01
2.534590772748341325e-01
2.339394655950155777e-01
1.977789748551468663e-01
2.324881218835746499e-01
1.406970368921152403e-01
5.370671530251740489e-01
2.088171424864851966e-01
2.169295661430006572e-01
5.714956603314831352e-01
1.997737659284638256e-01
5.867927993907058326e-01
2.514356337671172503e-01
1.668582344688224750e-01
4.988517038428103567e-01
2.377734383740787716e-01
4.930991524966653605e-01
5.004952380466705097e-01
2.770709859834959987e-01
3.074185777007599207e-01
2.059027812104471389e-01
