2.522666666666666799e+02
2.728000000000000114e+02
3.413333333333333144e+02
1.693333333333333428e+02
4.861333333333333258e+02
2.896000000000000227e+02
2.869333333333333371e+02
2.890666666666666629e+02
2.858666666666666742e+02
3.071999999999999886e+02
2.768000000000000114e+02
3.613333333333333144e+02
3.120000000000000000e+02
3.394666666666666401e+02
2.215999999999999943e+02
3.040000000000000000e+02
3.005333333333333599e+02
3.005333333333333599e+02
3.642666666666666515e+02
2.021333333333333258e+02
2.160000000000000000e+02
2.746666666666666856e+02
1.906666666666666572e+02
2.330666666666666629e+02
2.882666666666666515e+02
2.560000000000000000e+02
3.389333333333333371e+02
2.920000000000000000e+02
2.605333333333333599e+02
2.677333333333333485e+02
2.200000000000000000e+02
2.528000000000000114e+02
1.989333333333333371e+02
2.426666666666666572e+02
2.677333333333333485e+02
3.365333333333333599e+02
2.930666666666666629e+02
2.749333333333333371e+02
2.461333333333333258e+02
2.736000000000000227e+02
3.103999999999999773e+02
2.786666666666666856e+02
2.173333333333333428e+02
3.773333333333333144e+02
2.893333333333333144e+02
3.381333333333333258e+02
2.777777777777777715e+02
2.194666666666666686e+02
3.200000000000000000e+02
3.274666666666666401e+02
2.200000000000000000e+02
3.191999999999999886e+02
2.418666666666666742e+02
3.282666666666666515e+02
2.109333333333333371e+02
2.400000000000000000e+02
3.706161137440758466e+02
3.229333333333333371e+02
7.600000000000000000e+01
2.728000000000000114e+02
3.546666666666666856e+02
2.941333333333333258e+02
2.826666666666666856e+02
2.426666666666666572e+02
2.680000000000000000e+02
2.983999999999999773e+02
2.311999999999999886e+02
2.320000000000000000e+02
2.301333333333333258e+02
2.576000000000000227e+02
3.621333333333333258e+02
3.360000000000000000e+02
2.890666666666666629e+02
2.453333333333333428e+02
3.090666666666666629e+02
3.191999999999999886e+02
2.210666666666666629e+02
2.808000000000000114e+02
2.293333333333333428e+02
2.791999999999999886e+02
3.234666666666666401e+02
2.274666666666666686e+02
2.866666666666666856e+02
2.581333333333333258e+02
3.578666666666666742e+02
2.050666666666666629e+02
