2.325333333333333314e+02
2.605333333333333599e+02
2.898666666666666742e+02
2.448000000000000114e+02
4.773333333333333144e+02
2.800000000000000000e+02
4.346666666666666856e+02
2.557333333333333201e+02
3.605333333333333599e+02
1.781333333333333258e+02
2.242666666666666799e+02
3.200000000000000000e+02
3.653333333333333144e+02
3.938666666666666742e+02
1.951999999999999886e+02
2.440000000000000000e+02
2.066666666666666572e+02
2.634666666666666401e+02
2.840000000000000000e+02
1.642666666666666799e+02
1.741333333333333258e+02
3.008000000000000114e+02
1.207999999999999972e+02
1.829333333333333371e+02
2.642666666666666515e+02
2.418666666666666742e+02
3.234666666666666401e+02
2.506666666666666572e+02
2.560000000000000000e+02
2.175999999999999943e+02
1.485333333333333314e+02
2.384000000000000057e+02
2.933333333333333144e+02
1.698666666666666742e+02
2.058666666666666742e+02
3.002666666666666515e+02
2.021333333333333258e+02
2.565333333333333599e+02
1.581333333333333258e+02
2.264000000000000057e+02
1.445333333333333314e+02
2.821333333333333258e+02
1.690666666666666629e+02
3.482666666666666515e+02
2.125333333333333314e+02
3.821333333333333258e+02
2.162666666666666799e+02
1.437333333333333201e+02
3.376000000000000227e+02
2.573333333333333144e+02
1.522666666666666799e+02
2.037333333333333201e+02
3.080000000000000000e+02
2.829333333333333371e+02
1.770666666666666629e+02
1.824000000000000057e+02
3.077333333333333485e+02
3.173333333333333144e+02
5.439999999999999858e+01
2.991999999999999886e+02
3.376000000000000227e+02
3.093333333333333144e+02
1.397333333333333201e+02
2.455999999999999943e+02
2.623999999999999773e+02
2.738666666666666742e+02
2.218666666666666742e+02
2.026666666666666572e+02
2.237333333333333201e+02
1.949333333333333371e+02
3.877333333333333485e+02
2.578666666666666742e+02
2.282666666666666799e+02
2.322666666666666799e+02
2.160000000000000000e+02
2.882666666666666515e+02
2.085333333333333314e+02
2.701333333333333258e+02
2.274666666666666686e+02
2.802666666666666515e+02
3.482666666666666515e+02
2.295999999999999943e+02
2.658666666666666742e+02
3.573333333333333144e+02
4.261333333333333258e+02
2.111999999999999886e+02
